I am using gpu cuda:0
Current Label:  threat
acc:  [0.99, 0.9934285714285714, 0.9914285714285714, 0.9948571428571429, 0.9942857142857143]
F1:  [0.18604651162790697, 0.30303030303030304, 0.2105263157894737, 0.25, 0.2857142857142857]
Loss History:  [0.0009854317177087069, 0.0010567664867267013, 0.0012019157875329256, 0.00043702125549316406, 0.000793886196333915, 0.0006165981176309288, 0.0008139133569784462, 0.0009462833404541016, 0.0008816719055175781, 0.0008178710704669356, 0.0009059906005859375, 0.0006704807165078819, 0.0007289886707440019, 0.0005681514739990234, 0.0009057045099325478, 0.000605726265348494, 0.00048308371333405375, 0.0007550239679403603, 0.0012970924144610763, 0.0009639739873819053, 0.0005090713384561241, 0.0012293339241296053, 0.000732851040083915, 0.0005346775287762284, 0.0008385658147744834, 0.0007874012226238847, 0.0011093139182776213, 0.0010529995197430253, 0.00099945068359375, 0.0006767272716388106, 0.000489091849885881, 0.001133012818172574, 0.0011510848999023438, 0.0010867118835449219, 0.0008534908411093056, 0.0012578964233398438, 0.0012716293567791581, 0.0010445117950439453, 0.0010448455577716231, 0.0005705833318643272, 0.00114612584002316, 0.0009866238106042147, 0.0006792545318603516, 0.0006218433263711631, 0.0005676269647665322, 0.0014156341785565019, 0.0008609294891357422, 0.0005438327789306641, 0.001011323882266879, 0.0009574413415975869]


Current Label:  insult
acc:  [0.9117142857142857, 0.9271428571428572, 0.93, 0.9388571428571428, 0.9442857142857143]
F1:  [0.5296803652968036, 0.567062818336163, 0.5783132530120483, 0.6094890510948905, 0.6257197696737045]
Loss History:  [0.005299282260239124, 0.0043607233092188835, 0.0050619603134691715, 0.005183744244277477, 0.0034287930466234684, 0.00681834202259779, 0.005807972047477961, 0.22065719962120056, 0.004520225338637829, 0.011183070950210094, 0.004524660296738148, 0.005270528607070446, 0.0046939849853515625, 0.6047635674476624, 0.00643467903137207, 0.005954837892204523, 0.0032182217109948397, 0.00521430978551507, 0.003985071089118719, 0.005218076519668102, 0.0046048639342188835, 0.002993679139763117, 0.003938579466193914, 0.004097080323845148, 0.0070115565322339535, 0.002462530042976141, 0.0024171352852135897, 0.005245208740234375, 0.005178213119506836, 0.0069138528779149055, 0.005192661192268133, 0.16854199767112732, 0.0069010257720947266, 0.002436399459838867, 0.0034398555289953947, 0.007739067077636719, 0.004209565930068493, 0.003113365266472101, 0.010068225674331188, 0.002802562667056918, 0.003428173018619418, 0.004849576856940985, 0.007918834686279297, 0.006308889482170343, 0.0041844844818115234, 0.011184478178620338, 0.004059457685798407, 0.010127616114914417, 0.006606864742934704, 0.04465675354003906]


Current Label:  toxic
acc:  [0.8294285714285714, 0.8425714285714285, 0.838, 0.836, 0.8511428571428571]
F1:  [0.514239218877136, 0.5294619982920581, 0.5231286795626576, 0.5208681135225376, 0.5401588702559577]
Loss History:  [0.0072036744095385075, 0.007436943240463734, 0.6797569990158081, 0.0060577392578125, 0.4221367835998535, 0.004893302917480469, 0.005910253617912531, 0.002190876053646207, 0.00486226100474596, 0.005804968066513538, 0.39870378375053406, 0.007127857301384211, 0.006860804744064808, 0.17696364223957062, 0.004400777630507946, 0.005648660473525524, 0.003804969834163785, 0.004495286848396063, 0.0076742409728467464, 0.007649517152458429, 0.0034639835357666016, 0.010565614327788353, 0.0022858143784105778, 0.006292962934821844, 0.005797672085464001, 0.005483365152031183, 0.049863286316394806, 0.005766916088759899, 0.007793521974235773, 0.3522433340549469, 0.6138743162155151, 0.0663524642586708, 0.006503319833427668, 0.007766151335090399, 0.0053441524505615234, 0.013786005787551403, 0.004952812101691961, 0.004145717713981867, 0.17303839325904846, 0.008450794033706188, 0.009618234820663929, 0.009638095274567604, 0.007434844970703125, 0.0403413288295269, 0.009486937895417213, 0.01420297659933567, 0.008663964457809925, 0.045666564255952835, 0.3867340683937073, 0.008226180449128151]


Current Label:  IsAbuse
acc:  [0.8374285714285714, 0.8488571428571429, 0.8682857142857143, 0.8457142857142858, 0.8622857142857143]
F1:  [0.5254378648874062, 0.5451418744625968, 0.5719591457753017, 0.5400340715502555, 0.5626134301270418]
Loss History:  [0.0013130188453942537, 0.0011015415657311678, 0.0034388541243970394, 0.0018377304077148438, 0.0022398948203772306, 0.0030775070190429688, 0.0037571906577795744, 0.001792097114957869, 0.0016473770374432206, 0.004142856691032648, 0.01907041110098362, 0.0023898601066321135, 0.0017390251159667969, 0.002184057142585516, 0.0023331642150878906, 0.0031993866432458162, 0.0012721061939373612, 0.007021856494247913, 0.0015083790058270097, 0.0010364532936364412, 0.0031533241271972656, 0.004126357845962048, 0.0023773193825036287, 0.0038792132399976254, 0.003031492233276367, 0.002847862197086215, 0.0023069381713867188, 0.002260494278743863, 0.0008758545154705644, 0.003453588578850031, 0.0022936344612389803, 0.0030204295180737972, 0.002173471497371793, 0.003282308578491211, 0.0016285419696941972, 0.001471185707487166, 0.0029154301155358553, 0.004395151045173407, 0.0024394989013671875, 0.0016291618812829256, 0.0007044792291708291, 0.03253436088562012, 0.0015908241039142013, 0.002428722335025668, 0.01883549615740776, 0.0021735667251050472, 0.0016378402942791581, 0.00402445811778307, 0.004858255386352539, 0.0019003391498699784]


