I am using gpu cuda:0
Current Label:  threat
acc:  [0.99775, 0.98925, 0.98875, 0.993, 0.996]
F1:  [0.0, 0.24561403508771928, 0.2857142857142857, 0.30000000000000004, 0.33333333333333337]
Loss History:  [0.0023446560371667147, 0.0016139030922204256, 0.0009256839985027909, 0.0037677765358239412, 0.002621126128360629, 0.0017476559150964022, 0.0023398399353027344, 0.0025072575081139803, 0.0020359039772301912, 0.0026751994155347347, 0.002988100051879883, 0.0034987926483154297, 0.0014914512867107987, 0.0018029690254479647, 0.0017210483783856034, 0.0024525641929358244, 0.001636934233829379, 0.0014609337085857987, 0.002473163651302457, 0.002802562667056918, 0.0021876334212720394, 0.002307319547981024, 0.002155780792236328, 0.0019381523597985506, 0.0018545627826824784, 0.0005716324085369706, 0.4719388484954834, 0.0017432213062420487, 0.0022983551025390625, 0.0021636008750647306, 0.0028556822799146175, 0.0031278610695153475, 0.002794599626213312, 0.0018955230480059981, 0.0018265247344970703, 0.0036291121505200863, 0.004040718078613281, 0.0014772415161132812, 0.0016490935813635588, 0.0009585380321368575, 0.0028926848899573088, 0.0035632611252367496, 0.0036665438674390316, 0.0043149469420313835, 0.0016793727409094572, 0.0008050441974774003, 0.0021083832252770662, 0.0034898282028734684, 0.0035555362701416016, 0.003537941025570035]


Current Label:  insult
acc:  [0.91275, 0.92875, 0.94125, 0.926, 0.92]
F1:  [0.5365205843293492, 0.5814977973568282, 0.6076794657762938, 0.5759312320916905, 0.553072625698324]
Loss History:  [0.007281494326889515, 0.2012341469526291, 0.004750967025756836, 0.009076213464140892, 0.003510713577270508, 0.004796051885932684, 0.16309894621372223, 0.06604105234146118, 0.015536284074187279, 0.0019664764404296875, 0.009100055322051048, 0.025131845846772194, 0.008339333347976208, 0.013403510674834251, 0.007215690799057484, 0.038567472249269485, 0.004991435911506414, 0.07351398468017578, 0.006962108425796032, 0.003955411724746227, 0.00714874267578125, 0.004838371183723211, 0.008120822720229626, 0.002770042512565851, 0.012403583154082298, 0.006668043322861195, 0.004313373472541571, 0.004590892698615789, 0.07067064940929413, 0.004908847622573376, 0.005063199903815985, 0.007467031478881836, 0.034668922424316406, 0.0037085532676428556, 0.0065292357467114925, 0.003888845443725586, 0.007616710849106312, 0.002911901567131281, 0.004781484603881836, 0.44746264815330505, 0.0019296169048175216, 0.48011165857315063, 0.004921579267829657, 0.003465938614681363, 1.0566117763519287, 0.004410409834235907, 0.005324602127075195, 0.005962944123893976, 0.005436706356704235, 0.004499626345932484]


Current Label:  toxic
acc:  [0.85575, 0.834, 0.8375, 0.8505, 0.84875]
F1:  [0.5523661753297129, 0.5236728837876614, 0.5262390670553936, 0.5442073170731706, 0.5427059712773998]
Loss History:  [0.0036632537376135588, 0.007777881808578968, 0.007080817129462957, 0.002670669462531805, 0.0037724017165601254, 0.01850377395749092, 0.0037986754905432463, 0.00446286192163825, 0.0055599212646484375, 0.006837344262748957, 0.08573900163173676, 0.14105083048343658, 0.008882522583007812, 0.003840827848762274, 0.3064587712287903, 0.004664301872253418, 0.002590227173641324, 0.0039916993118822575, 0.0035568238236010075, 0.007622361183166504, 0.00599594134837389, 0.008402204141020775, 0.00397601118311286, 0.0083381412550807, 0.00292625417932868, 0.003325557801872492, 0.00362987513653934, 0.006488132290542126, 0.003390693571418524, 0.08481758832931519, 0.004632806871086359, 0.013950347900390625, 0.0019134521717205644, 0.14877642691135406, 0.010967421345412731, 0.008475208654999733, 0.00847713928669691, 1.3582648038864136, 0.005752182099968195, 0.00558052072301507, 0.0021475316025316715, 0.7790024280548096, 0.051888357847929, 0.0022840022575110197, 0.07094881683588028, 0.014501547440886497, 0.015840744599699974, 0.024611543864011765, 0.007200884632766247, 0.009443926624953747]


Current Label:  IsAbuse
acc:  [0.83125, 0.83425, 0.86325, 0.8485, 0.8455]
F1:  [0.5188880969351389, 0.5233644859813084, 0.5648369132856006, 0.5464071856287426, 0.5394932935916542]
Loss History:  [0.0030192851554602385, 0.0022453784476965666, 0.0016463756328448653, 0.0012234688038006425, 0.043093323707580566, 0.0017375946044921875, 0.0019481659401208162, 0.002331304596737027, 0.0018622875213623047, 0.001783609390258789, 0.0006249904399737716, 0.002287053968757391, 0.5237360000610352, 0.03174283355474472, 0.43748921155929565, 0.0007910251733846962, 0.0011665821075439453, 0.0019930838607251644, 0.0008034706115722656, 0.0030494213569909334, 0.0022852898109704256, 0.0021763802506029606, 0.0030837059020996094, 0.0017138480907306075, 0.02985933981835842, 0.00625221710652113, 0.004580354783684015, 0.013971042819321156, 0.0039006234146654606, 0.0017103195423260331, 0.0010707855690270662, 0.0027795315254479647, 0.0025080679915845394, 0.0028162479866296053, 0.0016658306121826172, 0.004141283221542835, 0.0013275146484375, 0.0019806385971605778, 0.001220274018123746, 0.002435398055240512, 0.0014197349082678556, 0.0021314143668860197, 0.0022237778175622225, 0.47995105385780334, 0.002672052476555109, 0.0027078152634203434, 0.0023878097999840975, 0.0021703243255615234, 0.003221368882805109, 0.001402139663696289]


