I am using gpu cuda:0
Current Label:  threat
acc:  [0.9868571428571429, 0.9911428571428571, 0.9848571428571429, 0.9922857142857143, 0.9934285714285714]
F1:  [0.17857142857142858, 0.24390243902439024, 0.15873015873015872, 0.2702702702702703, 0.25806451612903225]
ROC AUC:  [0.966708928060202, 0.9851948795550285, 0.9832317696617725, 0.9844587133450575, 0.9772197456136763]
Loss History:  [0.04823722317814827, 0.046190597116947174, 0.04618919640779495, 0.050831377506256104, 0.04720231890678406, 0.048215705901384354, 0.0471932515501976, 0.04719077795743942, 0.048219501972198486, 0.048206962645053864, 0.051254499703645706, 0.04820724576711655, 0.05022118240594864, 0.04717341065406799, 0.04717576131224632, 0.33771222829818726, 0.04920443147420883, 0.04716389626264572, 0.05021442100405693, 0.04818185791373253, 0.04818267002701759, 0.04919781535863876, 0.049186307936906815, 0.048168886452913284, 0.04918956011533737, 0.05120725557208061, 0.04917267709970474, 0.049170125275850296, 0.048167187720537186, 0.04917846992611885, 0.04815163463354111, 0.04718386009335518, 0.04814215749502182, 0.04916906729340553, 0.04813583567738533, 0.04712184518575668, 0.046103011816740036, 0.04914698749780655, 0.048126220703125, 0.05015648528933525, 0.05119091272354126, 0.045077063143253326, 0.04811951518058777, 0.04812045022845268, 0.047108717262744904, 0.04810970276594162, 0.048106204718351364, 0.0481051430106163, 0.04911988228559494, 0.04814901575446129]


Current Label:  insult
acc:  [0.8948571428571429, 0.9094285714285715, 0.9405714285714286, 0.9388571428571428, 0.936]
F1:  [0.49030470914127433, 0.5204236006051437, 0.6045627376425856, 0.6037037037037037, 0.5971223021582733]
ROC AUC:  [0.9676698986814218, 0.9677788520671282, 0.9634368578812036, 0.9682582469642358, 0.9698788276938523]
Loss History:  [0.06375370174646378, 0.057252734899520874, 0.32527971267700195, 0.06346534192562103, 0.0654960423707962, 0.06144607812166214, 0.0572444424033165, 0.06551548093557358, 0.061355553567409515, 0.061338890343904495, 0.06343790888786316, 0.06342482566833496, 0.06342308223247528, 0.3186992406845093, 0.06547469645738602, 0.6199439764022827, 0.061330027878284454, 0.0613197386264801, 0.0593036524951458, 0.06543980538845062, 0.060282088816165924, 0.06753562390804291, 0.08607809245586395, 0.06546057015657425, 0.061292462050914764, 0.061290670186281204, 0.06345418840646744, 0.05922788381576538, 0.05923835560679436, 0.06337045133113861, 0.35936111211776733, 0.06335823237895966, 0.0592152364552021, 0.06344801932573318, 0.05940253660082817, 0.061305783689022064, 0.06127619743347168, 0.31905415654182434, 0.06134982034564018, 0.0633305013179779, 0.061273764818906784, 0.06755997240543365, 0.06334610283374786, 0.061284083873033524, 0.06333538144826889, 0.06332211196422577, 0.06123747676610947, 0.06148744747042656, 0.3190845549106598, 0.32342904806137085]


Current Label:  toxic
acc:  [0.8391428571428572, 0.8551428571428571, 0.8705714285714286, 0.8662857142857143, 0.8808571428571429]
F1:  [0.5216652506372133, 0.5452914798206279, 0.5681601525262155, 0.5658627087198516, 0.5883514313919052]
ROC AUC:  [0.9573581374195353, 0.9567449350063748, 0.9593469151351183, 0.9609401724352397, 0.9583430512796591]
Loss History:  [0.059840213507413864, 0.061463259160518646, 0.32530277967453003, 0.0598880834877491, 0.06498607248067856, 0.06145096942782402, 0.347891241312027, 0.059693314135074615, 0.06143200397491455, 0.3650902211666107, 0.06502091139554977, 0.06144213676452637, 0.05796412378549576, 0.06152401119470596, 0.06318499147891998, 0.06676836311817169, 0.06146640330553055, 0.05989634245634079, 0.06143510341644287, 0.06324058771133423, 0.061416059732437134, 0.26652902364730835, 0.05614525079727173, 0.0632905513048172, 0.06490345299243927, 0.06496177613735199, 0.06493275612592697, 0.06138752028346062, 0.32539480924606323, 0.3110515773296356, 0.059646882116794586, 0.33807122707366943, 0.06316868215799332, 0.057887814939022064, 0.05969534069299698, 0.06487367302179337, 0.061580490320920944, 0.3238203227519989, 0.06312713027000427, 0.07520744204521179, 0.05613001435995102, 0.0631616935133934, 0.06141635775566101, 0.3287334144115448, 0.3327343463897705, 0.061713676899671555, 0.059609245508909225, 0.06138914078474045, 0.0596870593726635, 0.0649183988571167]


Current Label:  IsAbuse
acc:  [0.8751428571428571, 0.8754285714285714, 0.884, 0.8862857142857142, 0.8857142857142857]
F1:  [0.5834127740705434, 0.585551330798479, 0.5964214711729622, 0.5987903225806451, 0.6007984031936128]
ROC AUC:  [0.9580994525266817, 0.945030641589518, 0.9433688063236244, 0.9535080198689754, 0.9529111432350137]
Loss History:  [0.058201469480991364, 0.05230002477765083, 0.058194052428007126, 0.05819429084658623, 0.05583076924085617, 0.05700358748435974, 0.05700286105275154, 0.05581977218389511, 0.05699583888053894, 0.05346078425645828, 0.05345921590924263, 0.05816560238599777, 0.053454674780368805, 0.05486295744776726, 0.6478999257087708, 0.058154214173555374, 0.054623592644929886, 0.05579804629087448, 0.05580712482333183, 0.05579085275530815, 0.053445540368556976, 0.3530385196208954, 0.05818210914731026, 0.056958962231874466, 0.056955091655254364, 0.05577963590621948, 0.05577880144119263, 0.05811876058578491, 0.05811837315559387, 0.053426146507263184, 0.056943316012620926, 0.05342260003089905, 0.05928068608045578, 0.0522465705871582, 0.05693434923887253, 0.055757950991392136, 0.05575736612081528, 0.05692639946937561, 0.05575196072459221, 0.053405266255140305, 0.05340415984392166, 0.6069983243942261, 0.054572321474552155, 0.350696325302124, 0.05574468523263931, 0.16645899415016174, 0.05924861505627632, 0.05585361272096634, 0.056900955736637115, 0.058067433536052704]


