I am using gpu cuda:0
Current Label:  threat
acc:  [0.9925714285714285, 0.9931428571428571, 0.9865714285714285, 0.994, 0.9937142857142857]
F1:  [0.3157894736842105, 0.33333333333333326, 0.20338983050847456, 0.27586206896551724, 0.35294117647058826]
ROC AUC:  [0.9925974397775142, 0.9891210993415402, 0.9958692895996074, 0.9896323258762423, 0.9922089076111407]
Loss History:  [0.06413687765598297, 0.07885506004095078, 0.07885163277387619, 0.05676683783531189, 0.07148563861846924, 0.06412065774202347, 0.07147727161645889, 0.07147370278835297, 0.06411315500736237, 0.06410855799913406, 0.0420316681265831, 0.06410211324691772, 0.04938466474413872, 0.0714532881975174, 0.07144995033740997, 0.07144659012556076, 0.05673060938715935, 0.07143950462341309, 0.04937301576137543, 0.06407926231622696, 0.06407412141561508, 0.05671674758195877, 0.056713759899139404, 0.06406501680612564, 0.0567081980407238, 0.041997067630290985, 0.056701939553022385, 0.05670157074928284, 0.06404956430196762, 0.05669323354959488, 0.0640440359711647, 0.07139447331428528, 0.06403839588165283, 0.05668316036462784, 0.06403227150440216, 0.07138088345527649, 0.07872884720563889, 0.056671299040317535, 0.0640193298459053, 0.049316488206386566, 0.04196276143193245, 0.0860610380768776, 0.06400813162326813, 0.06400465965270996, 0.07135201245546341, 0.06399782747030258, 0.06399542093276978, 0.06399240344762802, 0.05664075165987015, 0.06398707628250122]


Current Label:  insult
acc:  [0.9088571428571428, 0.9294285714285714, 0.9262857142857143, 0.9374285714285714, 0.9302857142857143]
F1:  [0.5173978819969742, 0.5643738977072311, 0.5641891891891893, 0.5951940850277264, 0.5734265734265734]
ROC AUC:  [0.9701806689253646, 0.9605193283306243, 0.9686432155937313, 0.9699635692160683, 0.9663810204816224]
Loss History:  [0.06478210538625717, 0.058557797223329544, 0.32460740208625793, 0.06462797522544861, 0.06667722016572952, 0.06445901095867157, 0.058569617569446564, 0.06698229908943176, 0.06261549144983292, 0.0627598986029625, 0.3273182511329651, 0.06460757553577423, 0.06505642086267471, 0.32069674134254456, 0.0880662351846695, 0.35732102394104004, 0.06259529292583466, 0.06255824863910675, 0.2946929335594177, 0.0666157677769661, 0.060563117265701294, 0.0686456561088562, 0.06052987650036812, 0.07584522664546967, 0.06253824383020401, 0.06253549456596375, 0.06459866464138031, 0.06054706126451492, 0.06051807850599289, 0.0645899623632431, 0.35295194387435913, 0.06461162865161896, 0.06051534414291382, 0.06454955041408539, 0.06050741672515869, 0.06252221763134003, 0.06252844631671906, 0.06225956603884697, 0.06252670288085938, 0.06453202664852142, 0.06251740455627441, 0.0689370259642601, 0.0645248219370842, 0.06290630251169205, 0.0645080953836441, 0.06451066583395004, 0.06248630955815315, 0.0625244528055191, 0.06866737455129623, 0.4010756015777588]


Current Label:  toxic
acc:  [0.8648571428571429, 0.8565714285714285, 0.8854285714285715, 0.8774285714285714, 0.8882857142857142]
F1:  [0.5632502308402585, 0.5493716337522442, 0.5961732124874118, 0.5871029836381135, 0.6022380467955238]
ROC AUC:  [0.9616024504773455, 0.9569509554684827, 0.9510584787138103, 0.9500050533320894, 0.9480877025220014]
Loss History:  [0.05926086753606796, 0.06876480579376221, 0.32539859414100647, 0.05934891104698181, 0.0645553320646286, 0.061007119715213776, 0.34848475456237793, 0.05921604484319687, 0.060983020812273026, 0.05724819377064705, 0.06459696590900421, 0.06098607927560806, 0.05766443535685539, 0.06907685846090317, 0.06275343894958496, 0.06727027893066406, 0.06131220981478691, 0.060219086706638336, 0.06096503883600235, 0.06279834359884262, 0.06096000596880913, 0.23640143871307373, 0.055630408227443695, 0.06275232136249542, 0.06456327438354492, 0.06510017067193985, 0.06480486690998077, 0.06093558669090271, 0.3243960738182068, 0.24239787459373474, 0.06130967661738396, 0.06314221024513245, 0.06270149350166321, 0.06751523166894913, 0.06064397096633911, 0.06446061283349991, 0.060922157019376755, 0.32363155484199524, 0.06320017576217651, 0.0646255612373352, 0.05561339110136032, 0.06274016201496124, 0.06091160327196121, 0.3289799094200134, 0.32155370712280273, 0.06569157540798187, 0.05912245437502861, 0.06286919862031937, 0.059150636196136475, 0.0591895766556263]


Current Label:  IsAbuse
acc:  [0.8937142857142857, 0.8965714285714286, 0.8934285714285715, 0.8965714285714286, 0.9068571428571428]
F1:  [0.6172839506172839, 0.6237006237006236, 0.6182190378710338, 0.6221294363256785, 0.6425438596491228]
ROC AUC:  [0.956263648386799, 0.9541183526589363, 0.9553664111278565, 0.9562843131977976, 0.9536694937409651]
Loss History:  [0.05777633935213089, 0.05188877135515213, 0.05777270719408989, 0.057779181748628616, 0.0554196834564209, 0.32517164945602417, 0.05658522993326187, 0.055411599576473236, 0.05657552555203438, 0.053049854934215546, 0.05305108428001404, 0.05776546522974968, 0.053041987121105194, 0.32688629627227783, 0.6491760611534119, 0.05774090439081192, 0.05423137545585632, 0.055570702999830246, 0.05540349334478378, 0.05538233369588852, 0.05305751413106918, 0.3534535765647888, 0.057985544204711914, 0.05668875575065613, 0.05657218024134636, 0.055387161672115326, 0.055374015122652054, 0.05772799253463745, 0.05771896243095398, 0.05302118510007858, 0.05663306638598442, 0.053258705884218216, 0.058891911059617996, 0.05184358358383179, 0.05732256919145584, 0.0553797110915184, 0.05535650998353958, 0.056520916521549225, 0.05536467581987381, 0.05302215740084648, 0.053073812276124954, 0.6078668832778931, 0.05417901277542114, 0.3511289358139038, 0.055400311946868896, 0.14273139834403992, 0.05886844918131828, 0.05681285262107849, 0.056637607514858246, 0.05768223851919174]


